2 0.3883928578125 0.33068783125 0.3422619046875 0.3293650796875 0.331101190625 0.3505291015625 0.3296130953125 0.39153439218749997 0.2983630953125 0.43121693125 0.3072916671875 0.46825396875 0.41964285781250005 0.48148148125 0.44940476250000005 0.3505291015625 0.44940476250000005 0.3227513234375 0.42113095312500004 0.31349206406249996 0.3883928578125 0.33068783125
6 0.3296130953125 0.40608465625 0.328869046875 0.3452380953125 0.34970238125 0.3320105828125 0.390625 0.3359788359375 0.43154761875 0.27777777812500004 0.38095238125 0.06878306875 0.3556547625 0.0171957671875 0.3333333328125 0.002645503125 0.32217261875 0.1256613765625 0.3043154765625 0.11904761875 0.27529761875 0.3452380953125 0.2730654765625 0.3452380953125 0.2946428578125 0.4298941796875 0.3296130953125 0.40608465625
1 0.3875 0.30859375 0.0171875 0.1140625
1 0.4078125 0.30859375 0.0171875 0.10078125
1 0.4203125 0.30078125 0.01015625 0.0859375
7 0.459821428125 0.3015873015625 0.43675595312500004 0.4854497359375 0.5520833328125 0.497354496875 0.471726190625 0.3015873015625 0.459821428125 0.3015873015625
1 0.4375 0.30234375 0.0109375 0.05390625
7 0.4925595234375 0.30687830625 0.477678571875 0.30687830625 0.5952380953125 0.497354496875 0.6488095234375 0.5 0.6495535718750001 0.4325396828125 0.4925595234375 0.30687830625
2 0.5833333328125 0.3320105828125 0.5431547625 0.316137565625 0.5327380953125 0.3108465609375 0.5171130953125 0.3148148140625 0.5104166671875 0.33068783125 0.64657738125 0.43386243437500005 0.6517857140625 0.3425925921875 0.61532738125 0.3293650796875 0.5833333328125 0.3320105828125
6 0.6473214281249999 0.3478835984375 0.64657738125 0.13095238125 0.5364583328125 0.3148148140625 0.6056547625 0.334656084375 0.6138392859375 0.3333333328125 0.6473214281249999 0.3478835984375
5 0.40078125 0.80859375 0.1171875 0.33828125