4 0.4880952380208334 0.312169312037037 0.4739583333333333 0.3148148148148148
4 0.5863095239583332 0.48941798981481477 0.6488095239583332 0.49735449722222225
4 0.6465773807291666 0.44312169351851854 0.4880952380208334 0.312169312037037
1 0.6294642859375 0.337301587037037 0.5766369046875001 0.33465608425925925
1 0.5 0.30952380925925926 0.4858630953125 0.3161375657407407
1 0.6160714286458333 0.4232804231481481 0.6495535713541667 0.4166666666666667
1 0.6473214286458333 0.3465608462962963 0.6294642859375 0.337301587037037
3 0.421875 0.19841269814814816 0.5453869046875001 0.20502645462962962
3 0.5059523807291667 0.30820105833333333 0.5684523807291666 0.33068783055555556
3 0.6101190473958333 0.337301587037037 0.59375 0.2037037037037037
3 0.6502976192708334 0.20899470925925925 0.6488095239583332 0.07671957685185185
3 0.2492559526041667 0.060846561111111114 0.24479166666666666 0.12698412685185184
3 0.25074404739583334 0.19179894166666667 0.3891369046875 0.2037037037037037
3 0.3802083333333333 0.3201058203703704 0.40848214270833333 0.32936507962962963
3 0.4375 0.2949735453703704 0.421875 0.19841269814814816
