1 0.4010416666666667 0.2923280425925926 0.4002976192708333 0.30952380925925926
1 0.3638392859375 0.3161375657407407 0.3735119046875 0.3161375657407407
1 0.37425595260416666 0.3478835981481482 0.4159226192708333 0.34523809537037037
1 0.4107142859375 0.2923280425925926 0.4010416666666667 0.2923280425925926
1 0.456101190625 0.30423280462962965 0.4529253776041667 0.31439540555555556
1 0.48363095260416666 0.32804232777777775 0.4880952380208334 0.35052910092592593
1 0.5290178572916667 0.3439153435185185 0.5133928572916667 0.3187830685185185
1 0.4828869046875 0.3161375657407407 0.456101190625 0.30423280462962965
2 0.4650297619791666 0.6388888888888888 0.34300595260416666 0.6388888888888888
2 0.34151785729166667 0.9854497351851853 0.34375 0.9854497351851853
2 0.4635416666666667 0.9775132277777777 0.4650297619791666 0.6388888888888888
