1 0.296875 0.3822751324074074 0.29761904739583334 0.42592592592592593
1 0.30431547604166664 0.46957671944444446 0.424851190625 0.48148148148148145
1 0.4568452380208334 0.32936507962962963 0.45386904739583334 0.3161375657407407
1 0.4263392859375 0.3134920638888889 0.296875 0.3822751324074074
0 0.26666666666666666 0.2810185185185185 0.026041666666666668 0.25
0 0.34609375 0.32685185185185184 0.0328125 0.19583333333333333
0 0.3768229166666667 0.3143518518518518 0.020052083333333335 0.1337962962962963
4 0.4895833333333333 0.3055555555555556 0.47619047604166664 0.30820105833333333
4 0.6004464286458333 0.49735449722222225 0.6495535713541667 0.49470899444444444
4 0.6480654760416668 0.4338624342592593 0.4895833333333333 0.3055555555555556
1 0.5625 0.325396825 0.53125 0.3161375657407407
1 0.5223214286458333 0.3412698416666667 0.6488095239583332 0.4312169314814815
1 0.6495535713541667 0.34920634907407405 0.5625 0.325396825
3 0.5699404760416668 0.32936507962962963 0.6480654760416668 0.35317460277777774
3 0.6495535713541667 0.24470899444444444 0.5699404760416668 0.32936507962962963
0 0.39557291666666666 0.30972222222222223 0.0140625 0.10601851851851851
