1 0.418898809375 0.48280423240740744 0.45535714270833333 0.30820105833333333
1 0.43005952395833336 0.30423280462962965 0.3995535713541667 0.34920634907407405
1 0.34375 0.3478835981481482 0.284226190625 0.3862433861111111
1 0.3035714286458333 0.47089947129629633 0.418898809375 0.48280423240740744
4 0.4880952380208334 0.30952380925925926 0.47619047604166664 0.3187830685185185
4 0.5982142859375 0.5026455027777778 0.6517857140625 0.5026455027777778
4 0.6473214286458333 0.43915343888888886 0.4880952380208334 0.30952380925925926
3 0.19345238072916665 0 0.23065476197916668 0.1322751324074074
3 0.31324404739583334 0.10846560833333334 0.2745535713541667 0.3822751324074074
3 0.3087797619791666 0.37037037037037035 0.3482142859375 0.35185185185185186
3 0.40401785729166667 0.3425925925925926 0.42931547604166664 0.2671957675925926
3 0.4025297619791666 0.13359788333333333 0.6294642859375 0.13492063518518518
3 0.5319940473958333 0.31084656111111114 0.643601190625 0.3544973546296296
3 0.6480654760416668 0 0.19345238072916665 0
