1 0.409226190625 0.32804232777777775 0.38988095260416666 0.3425925925925926
1 0.3802083333333333 0.33201058240740744 0.34449404739583334 0.3386243388888889
1 0.35193452395833336 0.3888888888888889 0.30008793281249996 0.42676767685185185
1 0.29613095260416666 0.4298941796296296 0.3035714286458333 0.47354497314814814
1 0.42113095260416666 0.4920634916666667 0.4590773807291667 0.31084656111111114
1 0.44494047604166664 0.30820105833333333 0.409226190625 0.32804232777777775
4 0.4962797619791666 0.312169312037037 0.4858630953125 0.3161375657407407
4 0.6034226192708334 0.5013227509259259 0.6502976192708334 0.5079365083333333
4 0.6510416666666666 0.44179894166666667 0.4962797619791666 0.312169312037037
0 0.37213541666666666 0.30092592592592593 0.025260416666666667 0.10694444444444444
