1 0.42113095260416666 0.47883597870370376 0.4583333333333333 0.30687830648148146
1 0.4427083333333333 0.2989417990740741 0.4010416666666667 0.3174603175925926
1 0.32068452395833336 0.4140211638888889 0.2909226192708333 0.4060846564814815
1 0.31175595260416666 0.47089947129629633 0.42113095260416666 0.47883597870370376
3 0.21651785729166667 0.08862433888888889 0.28869047604166664 0.08333333333333333
3 0.278273809375 0.1600529101851852 0.2604166666666667 0.15608465648148148
3 0.2485119046875 0.25 0.2901785713541667 0.4100529101851852
3 0.3139880953125 0.4087301583333333 0.35714285729166667 0.37301587314814816
3 0.3556547619791666 0.32407407407407407 0.3816964286458333 0.33465608425925925
3 0.43973214270833333 0.2949735453703704 0.38839285729166667 0.10052910092592592
3 0.6488095239583332 0.10185185185185185 0.6480654760416668 0.001322750925925926
3 0.18973214270833333 0 0.21651785729166667 0.08862433888888889
0 0.39557291666666666 0.3023148148148148 0.020052083333333335 0.09398148148148149
0 0.41692708333333334 0.30694444444444446 0.012760416666666666 0.08472222222222223
0 0.43385416666666665 0.3060185185185185 0.020833333333333332 0.06481481481481481
4 0.49181547604166664 0.30687830648148146 0.4776785713541667 0.30952380925925926
4 0.5915178572916666 0.49338624351851845 0.6495535713541667 0.4960317462962963
4 0.6510416666666666 0.4298941796296296 0.49181547604166664 0.30687830648148146
1 0.5766369046875001 0.33201058240740744 0.534226190625 0.3161375657407407
1 0.5178571427083333 0.3161375657407407 0.5081845239583334 0.325396825
1 0.6458333333333334 0.4351851851851852 0.6495535713541667 0.3439153435185185
1 0.6034226192708334 0.3267195768518519 0.5766369046875001 0.33201058240740744
