3 0.6168154760416668 0.2566137564814815 0.6517857140625 0.25132275092592593
3 0.6517857140625 0.06481481481481481 0.24107142864583334 0.05026455
3 0.278273809375 0.21164021203703703 0.38839285729166667 0.2182539685185185
3 0.39136904739583334 0.325396825 0.4099702380208334 0.3267195768518519
3 0.4337797619791666 0.3187830685185185 0.4330357140625 0.21164021203703703
3 0.5364583333333334 0.20767195740740743 0.5066964286458333 0.3055555555555556
3 0.546875 0.32804232777777775 0.5677083333333334 0.3333333333333333
3 0.6205357140625 0.3386243388888889 0.6168154760416668 0.2566137564814815
1 0.43005952395833336 0.312169312037037 0.4203869046875 0.3055555555555556
1 0.40625 0.32804232777777775 0.3638392859375 0.337301587037037
1 0.3162202380208334 0.43915343888888886 0.42410714270833333 0.4325396824074074
1 0.4322916666666667 0.3425925925925926 0.43005952395833336 0.312169312037037
1 0.5379464286458333 0.33068783055555556 0.49255952395833336 0.3201058203703704
1 0.5565476192708334 0.3822751324074074 0.596726190625 0.4232804231481481
1 0.6480654760416668 0.4351851851851852 0.6473214286458333 0.3399470898148148
1 0.5706845239583332 0.34920634907407405 0.5379464286458333 0.33068783055555556
2 0.4010416666666667 0.8041666666666667 0.11744791666666667 0.35462962962962963
