0 0.30885416666666665 0.3175925925925926 0.025260416666666667 0.19305555555555556
1 0.45535714270833333 0.32407407407407407 0.4255952380208334 0.3201058203703704
1 0.2953869046875 0.4232804231481481 0.309523809375 0.46693121666666665
1 0.42261904739583334 0.4801587305555555 0.45535714270833333 0.32407407407407407
0 0.34401041666666665 0.32592592592592595 0.021614583333333333 0.1865740740740741
4 0.48214285729166667 0.30423280462962965 0.4739583333333333 0.30687830648148146
4 0.5922619046875001 0.49470899444444444 0.6473214286458333 0.49735449722222225
4 0.6473214286458333 0.4298941796296296 0.48214285729166667 0.30423280462962965
3 0.5959821427083334 0.32936507962962963 0.6465773807291666 0.3571428574074074
3 0.6502976192708334 0.28306878333333335 0.5959821427083334 0.32936507962962963
