1 0.4010416666666667 0.2923280425925926 0.4002976192708333 0.30952380925925926
1 0.3638392859375 0.3161375657407407 0.3735119046875 0.3161375657407407
1 0.37425595260416666 0.3478835981481482 0.4159226192708333 0.34523809537037037
1 0.4107142859375 0.2923280425925926 0.4010416666666667 0.2923280425925926
1 0.46800595260416666 0.30687830648148146 0.46483013958333336 0.3170409083333333
1 0.4955357140625 0.33068783055555556 0.5 0.35317460277777774
1 0.5409226192708334 0.3465608462962963 0.5252976192708333 0.32142857129629626
1 0.4947916666666667 0.3187830685185185 0.46800595260416666 0.30687830648148146
2 0.4650297619791666 0.6388888888888888 0.34300595260416666 0.6388888888888888
2 0.34151785729166667 0.9854497351851853 0.34375 0.9854497351851853
2 0.4635416666666667 0.9775132277777777 0.4650297619791666 0.6388888888888888
