4 0.46130952395833336 0.37301587314814816 0.4285714286458333 0.337301587037037
4 0.40625 0.30291005277777777 0.39806547604166664 0.30158730185185184
4 0.4047619046875 0.3425925925925926 0.4107142859375 0.38756613796296296
4 0.4107142859375 0.48280423240740744 0.5238095239583334 0.4920634916666667
4 0.5074404760416666 0.4550264546296296 0.46130952395833336 0.37301587314814816
4 0.6488095239583332 0.4589947092592593 0.5691964286458333 0.40079365092592595
4 0.512648809375 0.35978836018518523 0.4285714286458333 0.3174603175925926
4 0.5081845239583334 0.39682539722222226 0.5647321427083334 0.49074074074074076
4 0.6480654760416668 0.49735449722222225 0.6488095239583332 0.4589947092592593
1 0.4620535713541667 0.3134920638888889 0.42261904739583334 0.30687830648148146
1 0.46800595260416666 0.3386243388888889 0.5014880953124999 0.337301587037037
1 0.4940476192708333 0.3174603175925926 0.4620535713541667 0.3134920638888889
