1 0.2909226192708333 0.35582010555555554 0.2872023807291667 0.39021163981481477
1 0.30431547604166664 0.47354497314814814 0.39880952395833336 0.48148148148148145
1 0.453125 0.3161375657407407 0.4255952380208334 0.30952380925925926
1 0.35119047604166664 0.3544973546296296 0.2909226192708333 0.35582010555555554
3 0.2849702380208334 0.3716931212962963 0.3333333333333333 0.35846560833333335
3 0.4255952380208334 0.26587301574074074 0.421875 0.2645502648148148
3 0.39285714270833333 0.17195767222222222 0.346726190625 0
3 0.19642857135416666 0.001322750925925926 0.2849702380208334 0.3716931212962963
0 0.3515625 0.31666666666666665 0.018489583333333334 0.15231481481481482
0 0.38828125 0.3175925925925926 0.011979166666666667 0.12685185185185185
0 0.40286458333333336 0.31666666666666665 0.018489583333333334 0.10694444444444444
0 0.4200520833333333 0.30833333333333335 0.0140625 0.06898148148148148
0 0.43411458333333336 0.3106481481481482 0.0171875 0.06342592592592593
4 0.4985119046875 0.31084656111111114 0.481398809375 0.312169312037037
4 0.5952380953124999 0.49074074074074076 0.6495535713541667 0.49867724907407407
4 0.6517857140625 0.437830687962963 0.4985119046875 0.31084656111111114
1 0.5163690473958333 0.32804232777777775 0.6495535713541667 0.4272486768518518
1 0.6465773807291666 0.33465608425925925 0.5997023807291666 0.3333333333333333
1 0.5319940473958333 0.3161375657407407 0.5163690473958333 0.32804232777777775
