4 0.4947916666666667 0.4338624342592593 0.450148809375 0.36243386203703704
4 0.40625 0.33068783055555556 0.387648809375 0.3267195768518519
4 0.4099702380208334 0.3822751324074074 0.403273809375 0.4801587305555555
4 0.5074404760416666 0.49074074074074076 0.4947916666666667 0.4338624342592593
4 0.6458333333333334 0.5026455027777778 0.6473214286458333 0.46164021203703703
4 0.5922619046875001 0.4166666666666667 0.5305059526041667 0.37433862407407403
4 0.4739583333333333 0.3465608462962963 0.43973214270833333 0.3386243388888889
4 0.49925595260416666 0.39682539722222226 0.5453869046875001 0.46296296296296297
4 0.5699404760416668 0.48677248703703707 0.6458333333333334 0.5026455027777778
3 0.4702380953125 0.26587301574074074 0.5252976192708333 0.26851851851851855
3 0.5855654760416668 0.27645502685185186 0.5870535713541667 0.25793650833333337
3 0.5833333333333334 0.2328042324074074 0.5267857140625 0.22486772500000002
3 0.4702380953125 0.21693121666666668 0.40401785729166667 0.2288359787037037
3 0.356398809375 0.22354497314814814 0.3809523807291667 0.2566137564814815
3 0.393601190625 0.30687830648148146 0.4174107140625 0.30820105833333333
3 0.42931547604166664 0.2671957675925926 0.4702380953125 0.26587301574074074
2 0.3452380953125 0.6309523805555556 0.3370535713541667 0.6507936509259259
2 0.3422619046875 0.9801587305555556 0.4598214286458333 0.9722222222222222
2 0.4583333333333333 0.6468253972222222 0.3452380953125 0.6309523805555556
