3 0.3296130953125 0.4060846564814815 0.32886904739583334 0.34523809537037037
3 0.3497023807291667 0.33201058240740744 0.390625 0.3359788361111111
3 0.4315476192708333 0.2777777777777778 0.3809523807291667 0.06878306851851852
3 0.3556547619791666 0.01719576759259259 0.3333333333333333 0.002645502777777778
3 0.3221726192708333 0.1256613759259259 0.30431547604166664 0.11904761944444443
3 0.2752976192708333 0.34523809537037037 0.27306547604166664 0.34523809537037037
3 0.29464285729166667 0.4298941796296296 0.3296130953125 0.4060846564814815
0 0.38723958333333336 0.30833333333333335 0.0171875 0.11388888888888889
0 0.4080729166666667 0.30833333333333335 0.0171875 0.10046296296296296
0 0.4203125 0.30092592592592593 0.010416666666666666 0.08611111111111111
0 0.43723958333333335 0.3023148148148148 0.011197916666666667 0.05416666666666667
4 0.49255952395833336 0.30687830648148146 0.4776785713541667 0.30687830648148146
4 0.5952380953124999 0.49735449722222225 0.6488095239583332 0.5
4 0.6495535713541667 0.4325396824074074 0.49255952395833336 0.30687830648148146
3 0.6473214286458333 0.3478835981481482 0.6465773807291666 0.13095238055555555
3 0.5364583333333334 0.3148148148148148 0.6056547619791667 0.33465608425925925
3 0.6138392859375 0.3333333333333333 0.6473214286458333 0.3478835981481482
2 0.40078125 0.8083333333333333 0.11692708333333333 0.3384259259259259
