3 0.3296130953125 0.4060846564814815 0.32886904739583334 0.34523809537037037
3 0.3497023807291667 0.33201058240740744 0.390625 0.3359788361111111
3 0.4315476192708333 0.2777777777777778 0.3809523807291667 0.06878306851851852
3 0.3556547619791666 0.01719576759259259 0.3333333333333333 0.002645502777777778
3 0.2492559526041667 0 0.19345238072916665 0.011904762037037038
3 0.2752976192708333 0.34523809537037037 0.27306547604166664 0.34523809537037037
3 0.29464285729166667 0.4298941796296296 0.3296130953125 0.4060846564814815
0 0.34036458333333336 0.30833333333333335 0.0171875 0.11388888888888889
0 0.37526041666666665 0.3013888888888889 0.0171875 0.10046296296296296
0 0.4122395833333333 0.3050925925925926 0.010416666666666666 0.08611111111111111
0 0.39609375 0.31666666666666665 0.012760416666666666 0.11527777777777778
4 0.49255952395833336 0.30687830648148146 0.4776785713541667 0.30687830648148146
4 0.5952380953124999 0.49735449722222225 0.6488095239583332 0.5
4 0.6495535713541667 0.4325396824074074 0.49255952395833336 0.30687830648148146
3 0.6473214286458333 0.35052910092592593 0.6502976192708334 0.1785714287037037
3 0.5505952380208333 0.32936507962962963 0.6056547619791667 0.337301587037037
3 0.6138392859375 0.3359788361111111 0.6473214286458333 0.35052910092592593
2 0.40078125 0.8083333333333333 0.11692708333333333 0.3384259259259259
0 0.42109375 0.3060185185185185 0.01328125 0.08611111111111111
