4 0.46130952395833336 0.37301587314814816 0.44568452395833336 0.33201058240740744
4 0.4322916666666667 0.30423280462962965 0.4166666666666667 0.30158730185185184
4 0.41964285729166667 0.3399470898148148 0.4107142859375 0.38756613796296296
4 0.4107142859375 0.48280423240740744 0.5238095239583334 0.4920634916666667
4 0.5074404760416666 0.4550264546296296 0.46130952395833336 0.37301587314814816
4 0.6488095239583332 0.4589947092592593 0.5691964286458333 0.40079365092592595
4 0.512648809375 0.35978836018518523 0.4285714286458333 0.3174603175925926
4 0.5081845239583334 0.39682539722222226 0.5647321427083334 0.49074074074074076
4 0.6480654760416668 0.49735449722222225 0.6488095239583332 0.4589947092592593
1 0.48511904739583334 0.3201058203703704 0.44568452395833336 0.3134920638888889
1 0.4910714286458333 0.34523809537037037 0.5245535713541667 0.3439153435185185
1 0.5171130953124999 0.32407407407407407 0.48511904739583334 0.3201058203703704
