1 0.296875 0.3822751324074074 0.29761904739583334 0.42592592592592593
1 0.30431547604166664 0.46957671944444446 0.424851190625 0.48148148148148145
1 0.4568452380208334 0.32936507962962963 0.45386904739583334 0.3161375657407407
1 0.4263392859375 0.3134920638888889 0.296875 0.3822751324074074
0 0.2994791666666667 0.3453703703703704 0.05572916666666667 0.26990740740740743
0 0.334375 0.3050925925925926 0.020052083333333335 0.1337962962962963
4 0.4895833333333333 0.3055555555555556 0.47619047604166664 0.30820105833333333
4 0.6004464286458333 0.49735449722222225 0.6495535713541667 0.49470899444444444
4 0.6480654760416668 0.4338624342592593 0.4895833333333333 0.3055555555555556
1 0.5625 0.325396825 0.53125 0.3161375657407407
1 0.5223214286458333 0.3412698416666667 0.6488095239583332 0.4312169314814815
1 0.6495535713541667 0.34920634907407405 0.5625 0.325396825
3 0.5699404760416668 0.32936507962962963 0.6480654760416668 0.35317460277777774
3 0.6495535713541667 0.24470899444444444 0.5699404760416668 0.32936507962962963
0 0.36015625 0.3143518518518518 0.022395833333333334 0.15231481481481482
0 0.3802083333333333 0.31527777777777777 0.020833333333333332 0.14953703703703702
