1 0.453125 0.30952380925925926 0.41964285729166667 0.3055555555555556
1 0.4583333333333333 0.3386243388888889 0.4940476192708333 0.33465608425925925
1 0.4858630953125 0.3148148148148148 0.453125 0.30952380925925926
3 0.30505952395833336 0.18121693148148146 0.32068452395833336 0.20502645462962962
3 0.3608630953125 0.21296296296296297 0.37574404739583334 0.24735449722222222
3 0.450148809375 0.2526455027777778 0.46056547604166664 0.312169312037037
3 0.4791666666666667 0.312169312037037 0.48363095260416666 0.27910052870370367
3 0.6041666666666666 0.28571428611111116 0.6473214286458333 0.24206349166666666
3 0.6495535713541667 0.20238095277777776 0.30505952395833336 0.18121693148148146
4 0.5476190473958333 0.38359788333333333 0.48511904739583334 0.3439153435185185
4 0.4427083333333333 0.32407407407407407 0.4389880953125 0.3359788361111111
4 0.590773809375 0.49470899444444444 0.6488095239583332 0.5039682537037037
4 0.6465773807291666 0.4576719574074074 0.5476190473958333 0.38359788333333333
