3 0.19270833333333334 0 0.29761904739583334 0.4272486768518518
3 0.418898809375 0.33068783055555556 0.3995535713541667 0.32142857129629626
3 0.2455357140625 0 0.19270833333333334 0
1 0.45535714270833333 0.32407407407407407 0.4255952380208334 0.3201058203703704
1 0.2953869046875 0.4232804231481481 0.309523809375 0.46693121666666665
1 0.42261904739583334 0.4801587305555555 0.45535714270833333 0.32407407407407407
4 0.48214285729166667 0.30423280462962965 0.4739583333333333 0.30687830648148146
4 0.5922619046875001 0.49470899444444444 0.6473214286458333 0.49735449722222225
4 0.6473214286458333 0.4298941796296296 0.48214285729166667 0.30423280462962965
3 0.6011904760416668 0.3386243388888889 0.6465773807291666 0.3571428574074074
3 0.6502976192708334 0.2976190472222222 0.6011904760416668 0.3386243388888889
