4 0.5193452380208333 0.49074074074074076 0.484375 0.35582010555555554
4 0.4635416666666667 0.2962962962962963 0.4479166666666667 0.30026454999999996
4 0.44494047604166664 0.3201058203703704 0.4315476192708333 0.34920634907407405
4 0.4322916666666667 0.4298941796296296 0.4077380953125 0.4761904759259259
4 0.4233630953125 0.4761904759259259 0.5193452380208333 0.49074074074074076
3 0.581101190625 0.337301587037037 0.5744047619791667 0.25
3 0.6108630953124999 0.2486772490740741 0.653273809375 0.26190476203703705
3 0.6517857140625 0.1322751324074074 0.2983630953125 0.10582010555555556
3 0.31175595260416666 0.20238095277777776 0.4427083333333333 0.2037037037037037
3 0.5133928572916667 0.2037037037037037 0.5386904760416668 0.21296296296296297
3 0.5572916666666666 0.3386243388888889 0.581101190625 0.337301587037037
0 0.42942708333333335 0.29768518518518516 0.011979166666666667 0.03981481481481482
1 0.60078125 0.3699074074074074 0.09739583333333333 0.06481481481481481
