7 0.4947916671875 0.43386243437500005 0.450148809375 0.3624338625
7 0.40625 0.33068783125 0.387648809375 0.3267195765625
7 0.40997023749999995 0.3822751328125 0.403273809375 0.48015873124999997
7 0.5074404765625 0.490740740625 0.4947916671875 0.43386243437500005
7 0.6458333328125 0.502645503125 0.6473214281249999 0.4616402125
7 0.5922619046875 0.4166666671875 0.530505953125 0.3743386234375
7 0.4739583328125 0.346560846875 0.43973214218749995 0.3386243390625
7 0.49925595312500004 0.396825396875 0.5453869046875 0.46296296249999996
7 0.5699404765625 0.4867724875 0.6458333328125 0.502645503125
6 0.4702380953125 0.265873015625 0.52529761875 0.26851851875
6 0.5855654765625 0.2764550265625 0.5870535718750001 0.2579365078125
6 0.5833333328125 0.2328042328125 0.5267857140625 0.22486772500000002
6 0.4702380953125 0.21693121718750003 0.40401785781250005 0.228835978125
6 0.356398809375 0.2235449734375 0.38095238125 0.25661375625
6 0.393601190625 0.30687830625 0.41741071406249997 0.30820105781249996
6 0.4293154765625 0.2671957671875 0.4702380953125 0.265873015625
5 0.3452380953125 0.63095238125 0.33705357187499996 0.6507936515625
5 0.3422619046875 0.9801587312500001 0.459821428125 0.972222221875
5 0.4583333328125 0.646825396875 0.3452380953125 0.63095238125
