2 0.418898809375 0.4828042328125 0.45535714218749995 0.30820105781249996
2 0.4300595234375 0.30423280468749997 0.39955357187499996 0.3492063484375
2 0.34375 0.3478835984375 0.284226190625 0.38624338593749996
2 0.30357142812500004 0.470899471875 0.418898809375 0.4828042328125
7 0.48809523749999995 0.309523809375 0.4761904765625 0.31878306875
7 0.5982142859375 0.502645503125 0.6517857140625 0.502645503125
7 0.6473214281249999 0.4391534390625 0.48809523749999995 0.309523809375
6 0.19345238125 0 0.2306547625 0.1322751328125
6 0.33407738125 0.1349206359375 0.34821428593750003 0.3518518515625
6 0.40401785781250005 0.3425925921875 0.4293154765625 0.2671957671875
6 0.403273809375 0.1402116390625 0.6212797625 0.13888888906250002
6 0.5208333328125 0.30820105781249996 0.643601190625 0.3544973546875
6 0.6480654765625 0 0.19345238125 0
