1 0.27109375 0.29375 0.05390625 0.2484375
1 0.3296875 0.32578125 0.02578125 0.25
6 0.19345238125 0 0.28720238125 0.3664021171875
6 0.4293154765625 0.3267195765625 0.41220238125 0.2619047625
6 0.3303571421875 0 0.19345238125 0
1 0.3703125 0.325 0.0234375 0.15703125
1 0.3890625 0.3109375 0.01640625 0.10546875
7 0.4895833328125 0.30555555624999997 0.4761904765625 0.30820105781249996
7 0.6004464281249999 0.497354496875 0.6495535718750001 0.49470899375000005
7 0.6480654765625 0.43386243437500005 0.4895833328125 0.30555555624999997
2 0.5625 0.325396825 0.53125 0.316137565625
2 0.5223214281249999 0.3412698421875 0.6488095234375 0.43121693125
2 0.6495535718750001 0.3492063484375 0.5625 0.325396825
6 0.5699404765625 0.3293650796875 0.6480654765625 0.353174603125
6 0.6495535718750001 0.24470899375 0.5699404765625 0.3293650796875
1 0.40546875 0.309375 0.0140625 0.10546875
