7 0.4613095234375 0.3730158734375 0.428571428125 0.3373015875
7 0.40625 0.302910053125 0.3980654765625 0.3015873015625
7 0.4047619046875 0.3425925921875 0.41071428593750003 0.3875661375
7 0.41071428593750003 0.4828042328125 0.5238095234375 0.4920634921875
7 0.5074404765625 0.45502645468749997 0.4613095234375 0.3730158734375
7 0.6488095234375 0.45899470937500003 0.5691964281249999 0.4007936515625
7 0.512648809375 0.3597883609375 0.428571428125 0.3174603171875
7 0.5081845234375 0.396825396875 0.5647321421875 0.490740740625
7 0.6480654765625 0.497354496875 0.6488095234375 0.45899470937500003
2 0.462053571875 0.31349206406249996 0.42261904687499996 0.30687830625
2 0.46800595312500004 0.3386243390625 0.5014880953125 0.3373015875
2 0.49404761875 0.3174603171875 0.462053571875 0.31349206406249996
