7 0.4613095234375 0.3730158734375 0.4456845234375 0.3320105828125
7 0.4322916671875 0.30423280468749997 0.4166666671875 0.3015873015625
7 0.41964285781250005 0.3399470890625 0.41071428593750003 0.3875661375
7 0.41071428593750003 0.4828042328125 0.5238095234375 0.4920634921875
7 0.5074404765625 0.45502645468749997 0.4613095234375 0.3730158734375
7 0.6488095234375 0.45899470937500003 0.5691964281249999 0.4007936515625
7 0.512648809375 0.3597883609375 0.428571428125 0.3174603171875
7 0.5081845234375 0.396825396875 0.5647321421875 0.490740740625
7 0.6480654765625 0.497354496875 0.6488095234375 0.45899470937500003
2 0.48511904687499996 0.3201058203125 0.4456845234375 0.31349206406249996
2 0.491071428125 0.3452380953125 0.5245535718750001 0.34391534375
2 0.5171130953125 0.3240740734375 0.48511904687499996 0.3201058203125
