2 0.409226190625 0.328042328125 0.389880953125 0.3425925921875
2 0.3802083328125 0.3320105828125 0.344494046875 0.3386243390625
2 0.3519345234375 0.3888888890625 0.3000879328125 0.4267676765625
2 0.296130953125 0.4298941796875 0.30357142812500004 0.4735449734375
2 0.42113095312500004 0.4920634921875 0.45907738125 0.3108465609375
2 0.4449404765625 0.30820105781249996 0.409226190625 0.328042328125
7 0.49627976250000005 0.3121693125 0.4858630953125 0.316137565625
7 0.60342261875 0.5013227515625001 0.65029761875 0.5079365078125
7 0.6510416671875 0.44179894218750004 0.49627976250000005 0.3121693125
1 0.371875 0.30078125 0.025 0.10703125
