2 0.4010416671875 0.29232804218749997 0.40029761875 0.309523809375
2 0.36383928593750003 0.316137565625 0.3735119046875 0.316137565625
2 0.374255953125 0.3478835984375 0.41592261875 0.3452380953125
2 0.41071428593750003 0.29232804218749997 0.4010416671875 0.29232804218749997
2 0.456101190625 0.30423280468749997 0.45292537812500006 0.31439540625
2 0.48363095312500004 0.328042328125 0.48809523749999995 0.3505291015625
2 0.5290178578125 0.34391534375 0.5133928578125 0.31878306875
2 0.4828869046875 0.316137565625 0.456101190625 0.30423280468749997
5 0.46502976250000005 0.6388888890625 0.343005953125 0.6388888890625
5 0.3415178578125 0.9854497359375 0.34375 0.9854497359375
5 0.4635416671875 0.9775132281250001 0.46502976250000005 0.6388888890625
