2 0.29092261875 0.35582010625 0.28720238125 0.3902116390625
2 0.3043154765625 0.4735449734375 0.3988095234375 0.48148148125
2 0.453125 0.316137565625 0.42559523749999995 0.309523809375
2 0.3511904765625 0.3544973546875 0.29092261875 0.35582010625
6 0.2849702375 0.37169312187500003 0.3333333328125 0.35846560781250003
6 0.42559523749999995 0.265873015625 0.421875 0.26455026406250004
6 0.3928571421875 0.171957671875 0.346726190625 0
6 0.196428571875 0.0013227515625 0.2849702375 0.37169312187500003
1 0.3515625 0.31640625 0.01875 0.15234375
1 0.38828125 0.3171875 0.01171875 0.12734375
1 0.403125 0.31640625 0.01875 0.10703125
1 0.4203125 0.30859375 0.0140625 0.06875
1 0.434375 0.3109375 0.0171875 0.06328125
7 0.4985119046875 0.3108465609375 0.481398809375 0.3121693125
7 0.5952380953125 0.490740740625 0.6495535718750001 0.4986772484375
7 0.6517857140625 0.4378306875 0.4985119046875 0.3108465609375
2 0.516369046875 0.328042328125 0.6495535718750001 0.4272486765625
2 0.64657738125 0.334656084375 0.59970238125 0.3333333328125
2 0.531994046875 0.316137565625 0.516369046875 0.328042328125
