6 0.6168154765625 0.25661375625 0.6517857140625 0.2513227515625
6 0.6517857140625 0.0648148140625 0.24107142812500001 0.05026455
6 0.278273809375 0.2116402125 0.3883928578125 0.21825396874999997
6 0.391369046875 0.325396825 0.40997023749999995 0.3267195765625
6 0.43377976250000005 0.31878306875 0.43303571406249997 0.2116402125
6 0.5364583328125 0.2076719578125 0.5066964281249999 0.30555555624999997
6 0.546875 0.328042328125 0.5677083328125 0.3333333328125
6 0.6205357140625 0.3386243390625 0.6168154765625 0.25661375625
2 0.4300595234375 0.3121693125 0.4203869046875 0.30555555624999997
2 0.40625 0.328042328125 0.36383928593750003 0.3373015875
2 0.3162202375 0.4391534390625 0.42410714218749995 0.4325396828125
2 0.4322916671875 0.3425925921875 0.4300595234375 0.3121693125
2 0.5379464281249999 0.33068783125 0.4925595234375 0.3201058203125
2 0.55654761875 0.3822751328125 0.596726190625 0.4232804234375
2 0.6480654765625 0.43518518593750005 0.6473214281249999 0.3399470890625
2 0.5706845234375 0.3492063484375 0.5379464281249999 0.33068783125
5 0.40078125 0.80390625 0.1171875 0.3546875
