7 0.48809523749999995 0.3121693125 0.4739583328125 0.3148148140625
7 0.5863095234375 0.4894179890625 0.6488095234375 0.497354496875
7 0.64657738125 0.44312169375000005 0.48809523749999995 0.3121693125
2 0.6294642859375 0.3373015875 0.5766369046875 0.334656084375
2 0.5 0.309523809375 0.4858630953125 0.316137565625
2 0.6160714281249999 0.4232804234375 0.6495535718750001 0.4166666671875
2 0.6473214281249999 0.346560846875 0.6294642859375 0.3373015875
6 0.421875 0.1984126984375 0.5453869046875 0.20502645468749997
6 0.50595238125 0.30820105781249996 0.56845238125 0.33068783125
6 0.610119046875 0.3373015875 0.59375 0.20370370312500002
6 0.65029761875 0.20899470937500003 0.6488095234375 0.0767195765625
6 0.24925595312499998 0.0608465609375 0.24479166718749998 0.1269841265625
6 0.250744046875 0.1917989421875 0.3891369046875 0.20370370312500002
6 0.3802083328125 0.3201058203125 0.40848214218749995 0.3293650796875
6 0.4375 0.29497354531250003 0.421875 0.1984126984375
