2 0.4010416671875 0.29232804218749997 0.40029761875 0.309523809375
2 0.36383928593750003 0.316137565625 0.3735119046875 0.316137565625
2 0.374255953125 0.3478835984375 0.41592261875 0.3452380953125
2 0.41071428593750003 0.29232804218749997 0.4010416671875 0.29232804218749997
2 0.46800595312500004 0.30687830625 0.4648301390625 0.3170409078125
2 0.49553571406249997 0.33068783125 0.5 0.353174603125
2 0.54092261875 0.346560846875 0.52529761875 0.32142857187499996
2 0.4947916671875 0.31878306875 0.46800595312500004 0.30687830625
5 0.46502976250000005 0.6388888890625 0.343005953125 0.6388888890625
5 0.3415178578125 0.9854497359375 0.34375 0.9854497359375
5 0.4635416671875 0.9775132281250001 0.46502976250000005 0.6388888890625
