2 0.418898809375 0.4828042328125 0.45535714218749995 0.30820105781249996
2 0.4300595234375 0.30423280468749997 0.39955357187499996 0.3492063484375
2 0.34375 0.3478835984375 0.284226190625 0.38624338593749996
2 0.30357142812500004 0.470899471875 0.418898809375 0.4828042328125
7 0.48809523749999995 0.309523809375 0.4761904765625 0.31878306875
7 0.5982142859375 0.502645503125 0.6517857140625 0.502645503125
7 0.6473214281249999 0.4391534390625 0.48809523749999995 0.309523809375
6 0.19345238125 0 0.2306547625 0.1322751328125
6 0.313244046875 0.1084656078125 0.27455357187499996 0.3822751328125
6 0.3087797625 0.3703703703125 0.34821428593750003 0.3518518515625
6 0.40401785781250005 0.3425925921875 0.4293154765625 0.2671957671875
6 0.40252976250000005 0.1335978828125 0.6294642859375 0.1349206359375
6 0.531994046875 0.3108465609375 0.643601190625 0.3544973546875
6 0.6480654765625 0 0.19345238125 0
