6 0.64657738125 0.353174603125 0.627976190625 0.240740740625
6 0.6517857140625 0.0648148140625 0.24107142812500001 0.05026455
6 0.278273809375 0.2116402125 0.3883928578125 0.21825396874999997
6 0.391369046875 0.325396825 0.40997023749999995 0.3267195765625
6 0.43377976250000005 0.31878306875 0.41741071406249997 0.18650793593749998
6 0.577380953125 0.190476190625 0.5066964281249999 0.30555555624999997
6 0.546875 0.328042328125 0.5677083328125 0.3333333328125
6 0.6205357140625 0.3386243390625 0.64657738125 0.353174603125
2 0.4300595234375 0.3121693125 0.4203869046875 0.30555555624999997
2 0.40625 0.328042328125 0.315476190625 0.3571428578125
2 0.3005952375 0.474867725 0.421875 0.4761904765625
2 0.4322916671875 0.3425925921875 0.4300595234375 0.3121693125
2 0.5193452375 0.309523809375 0.4925595234375 0.3201058203125
2 0.55654761875 0.3822751328125 0.596726190625 0.4232804234375
2 0.6480654765625 0.43518518593750005 0.6473214281249999 0.3399470890625
2 0.5691964281249999 0.3293650796875 0.5193452375 0.309523809375
5 0.40078125 0.80390625 0.1171875 0.3546875
