6 0.3296130953125 0.40608465625 0.328869046875 0.3452380953125
6 0.34970238125 0.3320105828125 0.390625 0.3359788359375
6 0.43154761875 0.27777777812500004 0.38095238125 0.06878306875
6 0.3556547625 0.0171957671875 0.3333333328125 0.002645503125
6 0.32217261875 0.1256613765625 0.3043154765625 0.11904761875
6 0.27529761875 0.3452380953125 0.2730654765625 0.3452380953125
6 0.2946428578125 0.4298941796875 0.3296130953125 0.40608465625
1 0.378125 0.309375 0.0171875 0.1140625
1 0.4078125 0.30859375 0.0171875 0.10078125
1 0.4203125 0.30078125 0.01015625 0.0859375
1 0.4375 0.30234375 0.0109375 0.05390625
7 0.4925595234375 0.30687830625 0.477678571875 0.30687830625
7 0.5952380953125 0.497354496875 0.6488095234375 0.5
7 0.6495535718750001 0.4325396828125 0.4925595234375 0.30687830625
6 0.6473214281249999 0.3478835984375 0.64657738125 0.13095238125
6 0.5364583328125 0.3148148140625 0.6056547625 0.334656084375
6 0.6138392859375 0.3333333328125 0.6473214281249999 0.3478835984375
5 0.40078125 0.80859375 0.1171875 0.33828125
