2 0.453125 0.309523809375 0.41964285781250005 0.30555555624999997
2 0.4583333328125 0.3386243390625 0.49404761875 0.334656084375
2 0.4858630953125 0.3148148140625 0.453125 0.309523809375
6 0.3050595234375 0.18121693125 0.3206845234375 0.20502645468749997
6 0.3608630953125 0.21296296250000002 0.375744046875 0.24735449687500002
6 0.450148809375 0.252645503125 0.4605654765625 0.3121693125
6 0.4791666671875 0.3121693125 0.48363095312500004 0.27910052812499997
6 0.6041666671875 0.28571428593750003 0.6473214281249999 0.2420634921875
6 0.6495535718750001 0.20238095312499998 0.3050595234375 0.18121693125
7 0.547619046875 0.3835978828125 0.48511904687499996 0.34391534375
7 0.4427083328125 0.3240740734375 0.4389880953125 0.3359788359375
7 0.590773809375 0.49470899375000005 0.6488095234375 0.503968253125
7 0.64657738125 0.45767195781250003 0.547619046875 0.3835978828125
