2 0.296875 0.3822751328125 0.297619046875 0.42592592656250006
2 0.3043154765625 0.46957671875000007 0.424851190625 0.48148148125
2 0.45684523749999995 0.3293650796875 0.45386904687499996 0.316137565625
2 0.42633928593750003 0.31349206406249996 0.296875 0.3822751328125
1 0.26640625 0.28125 0.02578125 0.25
1 0.34609375 0.3265625 0.0328125 0.19609375
1 0.3765625 0.3140625 0.0203125 0.13359375
7 0.4895833328125 0.30555555624999997 0.4761904765625 0.30820105781249996
7 0.6004464281249999 0.497354496875 0.6495535718750001 0.49470899375000005
7 0.6480654765625 0.43386243437500005 0.4895833328125 0.30555555624999997
2 0.5625 0.325396825 0.53125 0.316137565625
2 0.5223214281249999 0.3412698421875 0.6488095234375 0.43121693125
2 0.6495535718750001 0.3492063484375 0.5625 0.325396825
6 0.5699404765625 0.3293650796875 0.6480654765625 0.353174603125
6 0.6495535718750001 0.24470899375 0.5699404765625 0.3293650796875
1 0.3953125 0.309375 0.0140625 0.10546875
