7 0.5193452375 0.490740740625 0.484375 0.35582010625
7 0.4635416671875 0.296296296875 0.4479166671875 0.30026454999999996
7 0.4449404765625 0.3201058203125 0.43154761875 0.3492063484375
7 0.4322916671875 0.4298941796875 0.4077380953125 0.4761904765625
7 0.4233630953125 0.4761904765625 0.5193452375 0.490740740625
6 0.581101190625 0.3373015875 0.5744047625 0.25
6 0.6108630953125 0.2486772484375 0.653273809375 0.2619047625
6 0.6517857140625 0.1322751328125 0.2983630953125 0.10582010625
6 0.311755953125 0.20238095312499998 0.4427083328125 0.20370370312500002
6 0.5133928578125 0.20370370312500002 0.5386904765625 0.21296296250000002
6 0.5572916671875 0.3386243390625 0.581101190625 0.3373015875
1 0.4296875 0.29765625 0.01171875 0.03984375
2 0.60078125 0.36953125 0.09765625 0.06484375
