1 0.2909226192708333 0.35582010555555554 0.2872023807291667 0.39021163981481477 0.30431547604166664 0.47354497314814814 0.39880952395833336 0.48148148148148145 0.453125 0.3161375657407407 0.4255952380208334 0.30952380925925926 0.35119047604166664 0.3544973546296296 0.2909226192708333 0.35582010555555554
3 0.2849702380208334 0.3716931212962963 0.3333333333333333 0.35846560833333335 0.4255952380208334 0.26587301574074074 0.421875 0.2645502648148148 0.39285714270833333 0.17195767222222222 0.346726190625 0 0.19642857135416666 0.001322750925925926 0.2849702380208334 0.3716931212962963
0 0.3515625 0.31666666666666665 0.018489583333333334 0.15231481481481482
0 0.38828125 0.3175925925925926 0.011979166666666667 0.12685185185185185
0 0.40286458333333336 0.31666666666666665 0.018489583333333334 0.10694444444444444
0 0.4200520833333333 0.30833333333333335 0.0140625 0.06898148148148148
4 0.4620535713541667 0.2962962962962963 0.4285714286458333 0.48148148148148145 0.5424107140625 0.49735449722222225 0.4754464286458333 0.2989417990740741 0.4620535713541667 0.2962962962962963
0 0.43411458333333336 0.3106481481481482 0.0171875 0.06342592592592593
4 0.4985119046875 0.31084656111111114 0.481398809375 0.312169312037037 0.5952380953124999 0.49074074074074076 0.6495535713541667 0.49867724907407407 0.6517857140625 0.437830687962963 0.4985119046875 0.31084656111111114
1 0.5163690473958333 0.32804232777777775 0.6495535713541667 0.4272486768518518 0.6465773807291666 0.33465608425925925 0.5997023807291666 0.3333333333333333 0.5319940473958333 0.3161375657407407 0.5163690473958333 0.32804232777777775
3 0.6465773807291666 0.17328042314814815 0.5491071427083334 0.3227513231481482 0.6153273807291666 0.3439153435185185 0.6450892859375 0.3359788361111111 0.6465773807291666 0.17328042314814815
2 0.46056547604166664 0.9867724870370369 0.46130952395833336 0.6428571425925925 0.3392857140625 0.6362433861111112 0.33556547604166664 0.9854497351851853 0.46056547604166664 0.9867724870370369