1 0.29761904739583334 0.42592592592592593 0.30431547604166664 0.46957671944444446 0.424851190625 0.48148148148148145 0.4568452380208334 0.32936507962962963 0.45386904739583334 0.3161375657407407 0.4263392859375 0.3134920638888889 0.29761904739583334 0.42592592592592593
0 0.2708333333333333 0.2935185185185185 0.05364583333333333 0.24861111111111112
0 0.3299479166666667 0.32592592592592595 0.026041666666666668 0.25
3 0.19345238072916665 0 0.2872023807291667 0.36640211666666667 0.42931547604166664 0.3267195768518519 0.4122023807291667 0.26190476203703705 0.33035714270833333 0 0.19345238072916665 0
0 0.37005208333333334 0.324537037037037 0.023177083333333334 0.1574074074074074
0 0.3890625 0.3106481481481482 0.01640625 0.10601851851851851
4 0.4895833333333333 0.3055555555555556 0.47619047604166664 0.30820105833333333 0.6004464286458333 0.49735449722222225 0.6495535713541667 0.49470899444444444 0.6480654760416668 0.4338624342592593 0.4895833333333333 0.3055555555555556
1 0.5625 0.325396825 0.53125 0.3161375657407407 0.5223214286458333 0.3412698416666667 0.6488095239583332 0.4312169314814815 0.6495535713541667 0.34920634907407405 0.5625 0.325396825
4 0.46130952395833336 0.30026454999999996 0.4375 0.4761904759259259 0.5535714286458333 0.48941798981481477 0.4724702380208334 0.30026454999999996 0.46130952395833336 0.30026454999999996
3 0.5699404760416668 0.32936507962962963 0.6480654760416668 0.35317460277777774 0.6495535713541667 0.24470899444444444 0.5699404760416668 0.32936507962962963
2 0.34151785729166667 0.6362433861111112 0.3400297619791666 0.9722222222222222 0.4598214286458333 0.973544973148148 0.4583333333333333 0.6402116398148149 0.34151785729166667 0.6362433861111112
0 0.40520833333333334 0.30972222222222223 0.0140625 0.10601851851851851