1 0.38839285729166667 0.33068783055555556 0.3422619046875 0.32936507962962963 0.331101190625 0.35052910092592593 0.3296130953125 0.39153439166666665 0.2983630953125 0.4312169314814815 0.3072916666666667 0.4682539685185185 0.41964285729166667 0.48148148148148145 0.4494047619791666 0.35052910092592593 0.4494047619791666 0.3227513231481482 0.42113095260416666 0.3134920638888889 0.38839285729166667 0.33068783055555556
3 0.3296130953125 0.4060846564814815 0.32886904739583334 0.34523809537037037 0.3497023807291667 0.33201058240740744 0.390625 0.3359788361111111 0.4315476192708333 0.2777777777777778 0.3809523807291667 0.06878306851851852 0.3556547619791666 0.01719576759259259 0.3333333333333333 0.002645502777777778 0.3221726192708333 0.1256613759259259 0.30431547604166664 0.11904761944444443 0.2752976192708333 0.34523809537037037 0.27306547604166664 0.34523809537037037 0.29464285729166667 0.4298941796296296 0.3296130953125 0.4060846564814815
0 0.37838541666666664 0.30972222222222223 0.0171875 0.11388888888888889
0 0.4080729166666667 0.30833333333333335 0.0171875 0.10046296296296296
0 0.4203125 0.30092592592592593 0.010416666666666666 0.08611111111111111
4 0.4598214286458333 0.30158730185185184 0.43675595260416666 0.4854497351851852 0.5520833333333334 0.49735449722222225 0.471726190625 0.30158730185185184 0.4598214286458333 0.30158730185185184
0 0.43723958333333335 0.3023148148148148 0.011197916666666667 0.05416666666666667
4 0.49255952395833336 0.30687830648148146 0.4776785713541667 0.30687830648148146 0.5952380953124999 0.49735449722222225 0.6488095239583332 0.5 0.6495535713541667 0.4325396824074074 0.49255952395833336 0.30687830648148146
1 0.5833333333333334 0.33201058240740744 0.5431547619791667 0.3161375657407407 0.5327380953124999 0.31084656111111114 0.5171130953124999 0.3148148148148148 0.5104166666666666 0.33068783055555556 0.6465773807291666 0.4338624342592593 0.6517857140625 0.3425925925925926 0.6153273807291666 0.32936507962962963 0.5833333333333334 0.33201058240740744
3 0.6473214286458333 0.3478835981481482 0.6465773807291666 0.13095238055555555 0.5364583333333334 0.3148148148148148 0.6056547619791667 0.33465608425925925 0.6138392859375 0.3333333333333333 0.6473214286458333 0.3478835981481482
2 0.40078125 0.8083333333333333 0.11692708333333333 0.3384259259259259