3 0.29761904739583334 0.3783068787037037 0.4285714286458333 0.3187830685185185 0.35714285729166667 0.11375661388888889 0.3214285713541667 0 0.19122023802083332 0.001322750925925926 0.29761904739583334 0.3783068787037037
0 0.3671875 0.3175925925925926 0.024479166666666666 0.18518518518518517
1 0.3385416666666667 0.35582010555555554 0.3191964286458333 0.3888888888888889 0.3244047619791666 0.46957671944444446 0.42113095260416666 0.47883597870370376 0.4598214286458333 0.3174603175925926 0.4278273807291667 0.3148148148148148 0.4099702380208334 0.33201058240740744 0.3385416666666667 0.35582010555555554
0 0.39166666666666666 0.31527777777777777 0.023177083333333334 0.12314814814814815
0 0.4166666666666667 0.3148148148148148 0.011979166666666667 0.10046296296296296
0 0.30833333333333335 0.3347222222222222 0.06015625 0.24583333333333332
4 0.4635416666666667 0.2962962962962963 0.421875 0.4801587305555555 0.5565476192708334 0.488095237962963 0.4754464286458333 0.30820105833333333 0.4635416666666667 0.2962962962962963
4 0.4910714286458333 0.30820105833333333 0.4739583333333333 0.3055555555555556 0.5870535713541667 0.49470899444444444 0.6480654760416668 0.5 0.6480654760416668 0.4444444444444444 0.4910714286458333 0.30820105833333333
1 0.5372023807291666 0.3161375657407407 0.5267857140625 0.32936507962962963 0.6480654760416668 0.4338624342592593 0.6488095239583332 0.3611111111111111 0.5372023807291666 0.3161375657407407
3 0.5662202380208333 0.32142857129629626 0.6488095239583332 0.35846560833333335 0.6495535713541667 0.23015873055555555 0.5662202380208333 0.32142857129629626
2 0.3385416666666667 0.6335978833333333 0.340773809375 0.9841269842592593 0.4620535713541667 0.9788359787037038 0.4590773807291667 0.6335978833333333 0.3385416666666667 0.6335978833333333