2 0.29092261875 0.35582010625 0.28720238125 0.3902116390625 0.3043154765625 0.4735449734375 0.3988095234375 0.48148148125 0.453125 0.316137565625 0.42559523749999995 0.309523809375 0.3511904765625 0.3544973546875 0.29092261875 0.35582010625
6 0.2849702375 0.37169312187500003 0.3333333328125 0.35846560781250003 0.42559523749999995 0.265873015625 0.421875 0.26455026406250004 0.3928571421875 0.171957671875 0.346726190625 0 0.196428571875 0.0013227515625 0.2849702375 0.37169312187500003
1 0.3515625 0.31640625 0.01875 0.15234375
1 0.38828125 0.3171875 0.01171875 0.12734375
1 0.403125 0.31640625 0.01875 0.10703125
1 0.4203125 0.30859375 0.0140625 0.06875
7 0.462053571875 0.296296296875 0.428571428125 0.48148148125 0.5424107140625 0.497354496875 0.475446428125 0.2989417984375 0.462053571875 0.296296296875
1 0.434375 0.3109375 0.0171875 0.06328125
7 0.4985119046875 0.3108465609375 0.481398809375 0.3121693125 0.5952380953125 0.490740740625 0.6495535718750001 0.4986772484375 0.6517857140625 0.4378306875 0.4985119046875 0.3108465609375
2 0.516369046875 0.328042328125 0.6495535718750001 0.4272486765625 0.64657738125 0.334656084375 0.59970238125 0.3333333328125 0.531994046875 0.316137565625 0.516369046875 0.328042328125
6 0.64657738125 0.1732804234375 0.5491071421875 0.3227513234375 0.61532738125 0.34391534375 0.6450892859375 0.3359788359375 0.64657738125 0.1732804234375
5 0.4605654765625 0.9867724875 0.4613095234375 0.6428571421875 0.33928571406249997 0.6362433859375 0.3355654765625 0.9854497359375 0.4605654765625 0.9867724875