6 0.297619046875 0.37830687812499997 0.428571428125 0.31878306875 0.3571428578125 0.1137566140625 0.32142857187499996 0 0.1912202375 0.0013227515625 0.297619046875 0.37830687812499997
1 0.3671875 0.3171875 0.02421875 0.18515625
2 0.3385416671875 0.35582010625 0.31919642812500004 0.3888888890625 0.3244047625 0.46957671875000007 0.42113095312500004 0.47883597812499995 0.459821428125 0.3174603171875 0.42782738125 0.3148148140625 0.40997023749999995 0.3320105828125 0.3385416671875 0.35582010625
1 0.39140625 0.315625 0.0234375 0.12265625
1 0.41640625 0.31484375 0.01171875 0.10078125
1 0.30859375 0.334375 0.06015625 0.24609375
7 0.4635416671875 0.296296296875 0.421875 0.48015873124999997 0.55654761875 0.48809523749999995 0.475446428125 0.30820105781249996 0.4635416671875 0.296296296875
7 0.491071428125 0.30820105781249996 0.4739583328125 0.30555555624999997 0.5870535718750001 0.49470899375000005 0.6480654765625 0.5 0.6480654765625 0.44444444375 0.491071428125 0.30820105781249996
2 0.53720238125 0.316137565625 0.5267857140625 0.3293650796875 0.6480654765625 0.43386243437500005 0.6488095234375 0.3611111109375 0.53720238125 0.316137565625
6 0.5662202375 0.32142857187499996 0.6488095234375 0.35846560781250003 0.6495535718750001 0.23015873125000003 0.5662202375 0.32142857187499996
5 0.3385416671875 0.6335978828125 0.340773809375 0.984126984375 0.462053571875 0.978835978125 0.45907738125 0.6335978828125 0.3385416671875 0.6335978828125