2 0.297619046875 0.42592592656250006 0.3043154765625 0.46957671875000007 0.424851190625 0.48148148125 0.45684523749999995 0.3293650796875 0.45386904687499996 0.316137565625 0.42633928593750003 0.31349206406249996 0.297619046875 0.42592592656250006
1 0.27109375 0.29375 0.05390625 0.2484375
1 0.3296875 0.32578125 0.02578125 0.25
6 0.19345238125 0 0.28720238125 0.3664021171875 0.4293154765625 0.3267195765625 0.41220238125 0.2619047625 0.3303571421875 0 0.19345238125 0
1 0.3703125 0.325 0.0234375 0.15703125
1 0.3890625 0.3109375 0.01640625 0.10546875
7 0.4895833328125 0.30555555624999997 0.4761904765625 0.30820105781249996 0.6004464281249999 0.497354496875 0.6495535718750001 0.49470899375000005 0.6480654765625 0.43386243437500005 0.4895833328125 0.30555555624999997
2 0.5625 0.325396825 0.53125 0.316137565625 0.5223214281249999 0.3412698421875 0.6488095234375 0.43121693125 0.6495535718750001 0.3492063484375 0.5625 0.325396825
7 0.4613095234375 0.30026454999999996 0.4375 0.4761904765625 0.5535714281249999 0.4894179890625 0.47247023749999995 0.30026454999999996 0.4613095234375 0.30026454999999996
6 0.5699404765625 0.3293650796875 0.6480654765625 0.353174603125 0.6495535718750001 0.24470899375 0.5699404765625 0.3293650796875
5 0.3415178578125 0.6362433859375 0.3400297625 0.972222221875 0.459821428125 0.9735449734375001 0.4583333328125 0.6402116390625 0.3415178578125 0.6362433859375
1 0.40546875 0.309375 0.0140625 0.10546875